#OTU ID	45	46	47	48	49	50	51	52	53	54	55	56	57	58	59	60	61	62	63	64	65	66	67	68	69	70	71	72	73	74	75	76	77	78	79	80	81	82	83	84	85	86	87	88	89	90	91	92	93	94	95	96	97	98	99	100	101	102	103	104	105	106	107	negC	posContr	negContr
Zotu2	10815	6008	0	3	16	12	1	3146	2916	5	17045	241	1380	1198	1620	1331	87	1658	18	45	10	1680	455	2763	3191	2772	2930	14	5114	153	5083	11190	3927	1164	3	0	0	0	1	1	13	8	14	21	0	5	9	11	8	1	8	0	21	0	0	14	0	17	561	1685	2	0	24	1	3	0
Zotu8	5368	10371	2	2	56	190	126	160	9	52	206	224	66	36	25	17	18	74	0	1	47	155	38	56	18	400	109	3	73	14	654	81	500	8	62	287	1653	145	946	1407	32	521	251	328	541	60	2	95	125	262	32	155	124	241	721	151	340	110	594	1469	7616	657	11169	85	300	167
Zotu88	357	989	0	0	6	0	0	489	836	0	76	26	506	338	482	404	24	551	1	6	2	116	166	584	839	520	421	3	313	65	251	199	227	631	0	1	0	0	0	0	6	2	0	6	0	0	0	4	5	0	3	0	4	0	0	7	1	3	152	276	0	0	0	0	0	0
Zotu95	4	49	0	0	1	0	0	14	76	0	0	1	30	20	23	32	0	30	0	1	0	7	17	28	53	8	18	0	6	8	5	2	4	45	0	0	0	0	0	0	0	1	0	0	0	0	0	0	0	0	0	0	0	0	0	0	0	0	3	5	0	0	0	0	0	0
Zotu10	755	442	0	0	0	0	0	0	0	0	0	0	0	0	0	0	0	0	0	0	1	0	0	0	0	1	0	0	0	0	0	1	0	0	0	1	8	1	2	3	0	1	1	2	2	0	0	0	0	1	0	0	0	1	1	1	1	0	0	6	13	0	18	0	1	2
Zotu223	37	40	0	0	0	0	0	31	50	0	8	1	31	16	20	27	3	20	0	0	1	7	9	36	48	21	27	0	18	3	8	16	6	29	0	0	0	0	0	0	0	0	0	0	0	0	0	1	0	0	0	0	0	0	0	0	0	0	3	4	0	0	0	0	0	0
Zotu151	108	241	0	0	1	0	0	116	190	0	12	7	113	72	95	93	1	103	1	2	1	83	33	105	186	73	164	0	190	22	190	217	172	108	0	0	0	0	0	0	0	1	0	1	0	0	1	0	0	0	0	0	1	0	0	2	0	1	14	31	0	0	0	0	0	0
Zotu161	68	125	0	0	0	1	0	51	73	0	8	2	34	28	31	32	0	41	0	1	0	6	13	62	110	40	47	0	15	8	10	22	8	53	0	0	0	0	0	0	0	2	0	0	0	1	0	0	1	0	1	0	1	0	0	0	0	0	10	12	0	0	0	0	0	0
Zotu132	20	38	0	0	0	0	0	0	0	0	0	0	0	0	0	0	0	0	0	0	0	0	0	0	0	0	0	0	0	0	0	0	0	0	0	0	0	0	0	0	0	0	0	0	0	0	0	0	0	0	0	0	0	0	0	0	0	0	0	0	0	0	0	0	0	0
Zotu29	2	0	752	214	0	12	3	171	10	21	0	199	0	3	0	5	1	0	288	260	0	4	4	6	90	33	10	235	3	0	0	3	4	3	343	175	1	5	0	0	58	14	302	222	0	2	0	0	9	6	208	51	13	0	0	0	0	0	0	0	0	0	0	0	1	0
Zotu32	3	0	1341	447	0	1	1	0	0	2	1	417	4	5	1	1	9	6	449	395	5	86	1	0	0	0	3	395	43	6	245	29	262	0	438	438	0	0	0	0	5	11	516	252	3	3	16	6	41	28	9	7	1	61	40	3	35	5	0	0	0	0	0	0	1	0
Zotu1	3	2	6745	7812	12347	15042	16949	9025	13272	14572	795	8835	11788	8753	11311	11675	12114	14259	8826	8514	9169	3024	10581	8817	11016	11589	9115	7718	3304	10141	3028	2678	3651	15085	9230	8856	7344	11428	11729	11089	15976	17180	11099	9992	4588	7278	13515	12788	13205	11390	14381	9742	16214	15328	13960	16687	14981	16685	13462	12015	4273	14290	13	0	14	3
Zotu24	1	0	210	165	1	67	45	62	0	12	33	166	0	12	76	37	143	15	141	157	0	346	11	0	14	51	30	124	87	1	28	32	188	70	149	172	11	0	0	0	0	85	224	201	0	0	51	118	115	31	11	92	214	173	113	69	196	0	0	248	0	25	1	0	0	0
Zotu4	3	8	2966	2465	2	1832	609	738	4	322	196	1900	2	182	869	512	1562	396	2019	2366	4	2673	178	77	197	179	176	2155	557	24	195	438	740	660	2043	2015	374	0	2	1	8	372	2070	2059	92	0	3947	1232	1595	113	190	1424	2203	1143	853	1258	1917	0	78	1063	1	82	2	0	1	0
Zotu134	0	2	0	0	0	0	0	1	4	0	0	0	2	5	4	4	0	2	0	0	0	0	1	2	10	4	1	0	7	0	1	1	5	6	0	0	0	0	0	0	0	0	0	0	0	0	0	0	0	0	0	0	0	0	0	0	0	0	0	0	0	0	0	0	0	0
Zotu3	0	1	5012	3193	1	6	8	3123	2111	7	9	3158	325	1835	979	1495	895	838	3985	3463	347	627	1277	1303	400	344	1515	3449	3039	1031	6841	3370	6457	391	4422	3887	45	7	4931	2602	2384	1297	4742	2220	79	0	85	373	576	681	1041	1818	348	1262	2310	496	3566	1072	1268	3498	0	2966	1	0	1	2
Zotu184	0	1	0	0	0	0	0	3	3	0	0	0	2	0	1	1	0	0	0	0	0	2	0	1	4	1	0	0	21	0	0	0	0	0	0	0	0	0	0	0	0	0	0	0	0	0	0	0	0	0	0	0	0	0	0	0	0	0	4	2	0	0	0	0	0	0
Zotu18	0	0	302	182	0	35	51	8	3	2	19	191	70	7	3	710	7	84	150	168	460	1598	2	48	170	1494	6	144	357	21	6	447	732	2	154	196	0	3	0	1	1640	55	156	135	69	26	0	7	8	0	1	39	0	30	65	99	46	4	95	127	0	344	1	0	0	0
Zotu7	0	0	41	102	0	3	13	6	1	2806	78	540	1178	280	1445	1226	3404	691	165	315	778	3593	1507	131	428	38	3431	131	344	640	1051	5	2195	5	192	108	1	3	567	1	0	0	173	57	26	5	0	0	14	18	3107	848	613	349	207	476	161	11	28	40	0	222	0	0	0	0
Zotu177	0	0	5	0	0	0	0	0	0	0	0	0	0	0	0	0	0	0	2	0	0	0	0	0	0	0	0	3	0	0	0	0	0	0	0	0	0	0	0	0	0	0	0	0	0	0	0	0	0	0	0	0	0	0	0	0	0	0	0	0	0	0	0	0	0	0
Zotu62	0	0	73	68	0	16	8	15	0	4	0	31	0	1	28	13	54	6	46	55	0	63	1	1	5	10	4	46	15	2	4	3	15	34	37	28	0	0	0	0	0	27	44	39	0	0	6	26	28	16	6	20	87	44	27	28	47	0	0	22	0	3	0	0	0	0
Zotu9	0	0	1474	2942	0	0	0	0	0	7	1	2681	0	0	0	0	5	5	2471	2745	0	0	1	0	0	0	0	2587	0	0	0	1	0	0	2329	2023	0	0	0	0	0	38	2478	3424	43	0	0	0	0	0	0	0	0	255	0	0	29	0	0	0	0	0	0	0	0	0
Zotu34	0	0	317	666	0	0	0	0	0	0	0	423	0	0	0	0	1	2	690	694	0	0	0	0	0	0	0	640	0	0	0	0	0	0	541	340	0	0	0	0	0	12	386	528	2	0	0	0	0	0	0	1	0	80	0	0	11	0	0	0	0	0	0	0	0	0
Zotu6	0	0	6	3	147	271	178	541	20	129	64	52	219	97	52	125	19	95	4	12	39	38	30	84	14	217	41	8	40	31	531	60	348	19	84	416	1339	740	1165	627	376	1044	210	194	3816	60	46	935	3041	6203	131	2342	1085	606	772	219	323	396	1231	2005	4793	1200	3525	36	141	44
Zotu22	0	0	284	531	0	0	0	0	0	0	0	607	0	0	0	0	0	0	615	557	0	0	0	0	0	0	0	605	6	0	0	0	0	0	599	369	0	0	0	0	0	0	721	531	30	0	0	0	0	0	0	3	0	12	0	0	0	0	0	0	0	0	0	0	0	0
Zotu57	0	0	45	90	1	2	2	0	0	1	0	85	2	4	0	0	1	2	125	112	1	0	1	0	0	0	2	119	0	1	1	0	0	1	110	54	0	0	0	1	6	0	85	79	3	1	0	1	1	1	3	2	1	4	1	2	1	2	3	3	1	1	0	0	0	0
Zotu89	0	0	243	63	0	8	0	34	2	6	0	31	0	0	0	2	0	0	74	59	0	2	0	2	19	8	1	76	0	0	0	1	0	2	77	27	0	2	0	0	17	2	48	37	0	1	1	0	4	2	62	12	4	0	0	0	1	0	0	0	0	0	0	0	0	0
Zotu65	0	0	5	13	0	0	0	0	0	0	0	18	0	0	1	0	0	0	8	16	0	0	0	0	0	0	0	13	0	0	0	0	0	0	0	0	0	0	0	0	0	0	34	65	0	0	0	0	0	0	0	0	0	0	0	30	241	0	0	0	0	0	0	0	0	0
Zotu17	0	0	29	18	0	4	1	4	0	1	0	4	0	0	4	6	7	1	21	15	0	7	0	1	0	1	1	16	3	0	0	2	1	3	14	5	0	0	0	0	0	1	6	9	0	0	0	3	11	1	2	5	8	7	1	5	8	0	0	3	0	0	0	0	0	0
Zotu64	0	0	9	3	0	0	0	0	0	0	0	0	0	0	0	0	0	0	4	1	0	0	0	0	0	0	0	1	0	0	0	0	0	0	2	1	0	0	0	0	0	0	2	0	0	0	0	0	0	0	0	0	0	0	0	0	0	0	0	0	0	0	0	0	0	0
Zotu25	0	0	24	33	0	18	19	22	60	0	1	32	0	0	0	0	0	0	29	19	14	6	0	0	0	10	0	20	0	1	0	1	0	0	43	1	0	0	0	0	5	90	10	53	0	6	0	239	280	52	8	247	11	27	0	40	319	156	3085	255	0	0	0	0	1	0
Zotu44	0	0	1	1	0	0	0	0	0	0	0	0	0	1	0	7	0	0	0	1	0	0	0	0	0	0	0	0	2	0	1	0	6	0	0	0	0	1	0	0	1	0	0	1	0	0	0	0	0	0	0	0	0	0	0	1	0	0	0	0	0	0	0	0	0	0
Zotu14	0	0	52	40	0	0	0	51	55	0	0	40	9	26	23	30	21	9	55	47	9	5	20	19	7	8	19	46	14	24	17	10	22	7	60	34	0	0	39	22	41	23	65	21	1	0	3	10	11	15	25	25	11	19	34	8	41	25	29	37	0	32	0	0	0	0
Zotu68	0	0	30	53	0	0	0	0	0	0	0	54	0	0	0	0	0	0	76	73	0	0	0	0	0	0	0	68	0	0	0	0	0	0	48	36	0	0	0	0	0	0	53	37	1	0	0	0	0	0	0	0	0	0	0	0	0	0	0	0	0	0	0	0	0	0
Zotu5	0	0	84	2	2665	45	8	14	0	1	3	157	1419	27	112	15	8	6	5	12	91	19	44	14	283	76	16	12	1607	225	126	8	16	6	8	349	3714	6561	741	0	7	328	124	170	108	2194	601	409	1357	1522	1761	2432	193	547	2500	2216	4574	1581	1135	920	0	572	2	0	0	0
Zotu90	0	0	5	0	0	0	0	0	0	0	0	1	0	0	0	0	0	0	0	1	0	0	0	0	0	0	0	4	1	0	0	0	0	0	2	4	0	0	0	0	0	0	4	0	0	0	0	0	0	0	0	0	0	0	0	0	0	0	0	0	0	0	0	0	0	0
Zotu26	0	0	12	36	1	0	6	0	1	1036	0	103	410	106	508	415	1065	246	44	102	367	319	540	41	161	10	616	40	40	325	88	0	180	2	57	16	0	1	64	0	0	0	31	20	4	1	0	0	5	4	1095	187	289	95	29	197	46	5	6	6	0	23	0	0	1	0
Zotu33	0	0	4	0	0	622	0	0	1	19	0	0	10	6	98	0	8	1	0	3	434	548	0	204	49	44	0	1	225	75	102	235	716	9	2	0	0	0	0	0	0	0	0	0	0	0	0	0	0	0	2	0	0	0	0	55	367	14	44	37	0	1	0	0	0	0
Zotu59	0	0	7	1	0	1	0	0	0	0	0	1	0	0	0	0	0	0	0	0	0	0	0	0	0	0	0	1	0	0	0	0	0	0	2	1	0	0	0	0	1	0	4	1	0	0	0	0	0	0	0	0	0	0	0	0	0	0	0	0	0	0	0	0	0	0
Zotu70	0	0	1	0	1	0	1	0	4	5	0	1	7	3	3	4	1	3	2	2	6	12	2	3	2	2	0	2	14	1	11	3	15	13	0	0	0	3	0	0	0	2	1	1	0	1	0	5	24	3	3	19	23	5	3	6	30	15	15	5	0	0	0	0	0	0
Zotu19	0	0	2	7	0	2	2	0	0	1	0	3	0	0	3	1	2	1	1	8	0	0	1	0	0	0	0	4	0	0	0	1	2	0	4	0	0	0	0	0	0	1	6	2	0	0	9	4	1	1	0	3	6	4	0	4	3	0	0	2	0	0	0	0	0	0
Zotu41	0	0	3	3	0	0	0	0	8	0	0	0	0	3	3	0	1	1	2	0	1	0	2	0	0	1	2	4	0	3	0	0	0	1	2	2	0	0	1	1	2	0	1	0	0	0	0	1	2	0	4	2	0	2	0	1	2	2	3	1	0	2	0	0	0	0
Zotu13	0	0	12	14	0	0	0	4	8	0	1	6	2	1	4	5	5	2	17	13	7	1	7	2	3	1	7	16	7	3	6	21	9	0	11	7	0	1	2	0	10	0	3	4	0	0	0	0	2	1	8	6	3	2	4	3	8	6	3	3	0	0	0	0	0	0
Zotu158	0	0	1	0	0	0	0	0	0	0	0	0	0	0	0	0	0	0	0	0	0	0	0	0	0	0	0	0	0	0	0	0	0	4	9	0	12	0	0	0	0	0	0	0	26	0	0	0	0	0	0	0	0	0	0	0	0	0	0	0	0	0	0	0	0	0
Zotu63	0	0	4	1	0	1	0	0	0	0	0	0	0	0	0	0	0	0	2	2	0	0	0	0	0	1	0	3	0	0	0	1	1	0	0	0	0	0	0	0	0	0	2	0	0	0	1	1	1	0	0	0	0	0	1	1	0	0	0	0	0	0	0	0	0	0
Zotu31	0	0	1	0	93	1	0	0	0	0	0	5	41	1	6	0	0	0	0	1	6	0	2	0	11	2	0	1	6	4	1	0	1	1	0	5	33	147	11	0	0	9	3	2	3	47	15	13	43	39	62	52	8	12	58	76	89	49	24	10	0	9	0	0	0	0
Zotu91	0	0	8	1	0	0	0	0	0	0	0	1	0	1	0	0	0	0	0	2	0	0	0	0	0	0	0	1	0	0	0	0	0	0	0	0	0	0	0	0	0	0	1	0	0	0	0	0	0	0	2	0	0	0	0	0	0	0	0	0	0	0	0	0	0	0
Zotu204	0	0	2	4	0	0	0	0	2	0	0	2	1	0	0	1	0	0	2	5	4	2	0	0	0	2	0	1	2	0	0	0	3	0	3	0	0	0	0	0	8	1	0	1	0	0	0	0	3	0	0	1	0	1	0	1	0	3	6	0	0	2	0	0	0	0
Zotu37	0	0	2	3	0	0	0	0	0	0	0	1	0	0	0	0	0	0	3	2	0	0	0	0	0	0	0	2	0	0	0	0	0	0	2	0	0	0	0	0	0	0	2	2	0	0	0	0	0	0	0	0	0	0	0	0	0	0	0	0	0	0	0	0	0	0
Zotu39	0	0	4	3	0	0	0	0	0	0	0	3	0	0	0	0	0	0	1	1	0	0	0	0	0	0	0	1	0	0	0	0	0	0	3	0	0	0	0	0	0	0	0	0	0	0	0	0	1	1	0	1	1	1	0	0	2	0	0	0	0	0	0	0	0	0
Zotu46	0	0	2	10	0	0	0	0	0	0	0	5	0	0	0	0	0	0	10	8	0	0	0	0	0	0	0	5	0	0	0	0	0	0	5	1	0	0	0	0	0	0	3	2	0	0	0	0	0	0	0	0	0	0	0	0	0	0	0	0	0	0	0	0	0	0
Zotu45	0	0	5	4	0	0	0	0	0	0	0	2	0	0	0	0	0	0	3	3	0	0	0	0	0	0	0	0	0	0	0	0	0	0	3	0	0	0	0	0	0	1	1	1	0	0	0	0	0	0	0	0	0	0	0	0	0	0	0	0	0	0	0	0	0	0
Zotu98	0	0	1	1	0	0	0	0	0	0	0	0	0	0	0	0	0	0	0	0	0	0	2	0	0	0	0	0	0	0	0	0	9	0	0	0	0	0	127	0	0	0	0	0	37	0	0	0	0	0	0	0	0	0	0	0	0	0	0	0	0	0	0	19	6	0
Zotu43	0	0	1	6	0	0	1	1	0	0	0	4	1	0	0	21	0	9	4	5	12	7	0	0	2	21	0	1	3	1	0	3	1	1	1	1	0	0	0	0	45	1	1	5	1	1	0	1	0	0	0	5	0	0	3	4	2	0	1	5	0	6	0	0	0	0
Zotu167	0	0	3	0	0	0	0	0	0	0	0	1	0	0	0	0	0	0	3	1	0	0	0	0	0	0	0	1	0	0	0	0	0	0	0	0	0	0	0	0	1	0	1	0	0	0	0	0	0	0	1	0	0	0	0	0	0	0	0	0	0	0	0	0	0	0
Zotu20	0	0	8	1	81	83	41	21	10	46	41	99	39	16	33	10	22	0	0	0	16	21	0	25	4	150	24	3	27	3	34	11	47	12	3	49	107	102	0	0	27	37	0	1293	572	13	10	33	78	6	38	522	67	64	1115	145	124	227	417	1	837	176	1013	2	26	0
Zotu137	0	0	1	0	0	0	0	1	1	0	0	0	0	0	0	0	0	0	0	1	0	0	0	0	0	0	0	0	0	0	0	0	0	0	0	0	0	0	0	0	4	0	0	0	0	0	0	0	0	0	0	0	0	0	0	1	0	0	1	0	0	0	0	0	0	0
Zotu145	0	0	1	0	0	0	0	0	0	0	0	0	0	0	0	0	0	0	0	2	0	0	0	0	0	0	0	0	0	0	0	0	0	0	1	0	0	0	0	0	0	0	0	0	0	0	0	0	0	0	0	0	0	0	0	0	0	0	0	0	0	0	0	0	0	0
Zotu35	0	0	4	9	0	0	0	2	7	0	0	3	0	8	6	6	3	3	13	10	3	0	2	2	1	1	5	3	0	9	0	0	0	2	5	2	0	0	0	0	13	2	4	4	0	0	0	1	2	1	9	5	2	3	1	6	2	5	0	1	0	2	0	0	0	0
Zotu116	0	0	1	0	10	0	42	0	0	0	0	0	0	0	0	0	0	0	0	0	2	0	0	0	0	0	0	0	0	3	3	0	0	0	0	0	0	76	0	0	22	0	22	0	0	0	2	0	66	59	6	24	0	0	0	0	2	0	0	0	0	0	0	0	0	0
Zotu11	0	0	1	0	4	0	42	11	6	21	0	0	3	0	0	0	4	0	0	0	91	3	3	22	0	29	4	1	2	1	45	1	46	0	2	41	203	85	0	80	28	228	22	0	247	18	9	0	31	6	15	111	59	86	61	0	33	14	0	0	909	89	288	0	17348	0
Zotu23	0	0	2	0	23	1	0	0	0	0	0	1	17	0	0	0	0	0	0	0	3	0	1	0	4	1	0	0	4	4	0	0	0	0	0	2	8	24	5	0	1	2	0	1	1	6	4	6	14	10	25	15	1	4	18	16	30	14	9	3	0	2	0	0	0	0
Zotu66	0	0	1	0	0	11	0	0	0	0	0	0	0	0	3	0	0	0	0	1	18	2	0	4	1	1	0	0	2	1	0	1	1	1	0	0	0	0	0	0	0	0	0	0	0	0	0	0	0	0	0	0	0	0	0	4	7	2	0	1	0	0	0	0	0	0
Zotu128	0	0	1	0	0	0	0	1	0	0	0	0	0	0	0	0	0	0	0	0	0	0	0	0	0	0	0	0	0	0	0	0	0	0	0	0	0	0	0	0	0	0	0	0	0	0	0	0	0	0	0	0	0	0	0	0	0	0	0	0	0	0	0	0	0	0
Zotu80	0	0	3	3	0	0	0	0	0	0	0	0	1	0	0	7	0	0	0	3	6	1	1	0	0	5	0	1	2	0	0	1	2	0	0	1	0	0	0	0	14	0	0	1	0	0	0	0	0	0	1	0	0	0	0	0	0	0	0	1	0	2	0	0	0	0
Zotu21	0	0	1	0	0	0	0	0	0	20	0	4	7	4	12	18	30	10	1	2	11	10	22	2	7	1	30	5	0	10	1	0	3	0	0	0	0	1	1	0	0	0	0	1	0	0	0	0	1	0	41	1	7	1	2	7	0	0	0	0	0	1	0	0	0	0
Zotu118	0	0	0	2	24	41	42	62	2	27	1	8	33	18	11	33	4	24	4	2	15	1	13	16	5	23	7	2	1	5	42	1	18	10	20	50	36	133	90	38	82	173	17	19	57	11	10	153	410	487	28	281	324	109	90	62	42	129	157	173	38	82	26	0	0	0
Zotu28	0	0	0	1	0	0	0	0	0	0	0	0	1	0	4	0	1	1	1	4	1	5	2	0	0	0	1	1	2	2	2	0	3	0	0	0	0	0	0	0	0	0	0	0	0	0	0	0	0	0	7	4	0	0	0	2	1	0	0	0	0	0	0	0	0	0
Zotu42	0	0	0	1	0	0	0	0	0	20	0	0	3	2	12	11	19	6	1	1	5	1	8	1	6	0	7	0	0	7	0	0	2	1	1	0	0	0	0	0	0	0	0	0	0	0	0	0	0	0	26	1	6	1	2	5	0	0	0	0	0	0	0	0	0	0
Zotu15	0	0	0	2	0	0	0	1	0	1	0	0	1	0	0	0	0	0	0	0	0	0	0	0	0	0	0	0	0	0	0	0	0	0	0	0	0	0	0	0	0	4	0	0	1	0	0	4	37	65	3	0	1	0	0	2	0	0	0	0	0	0	0	0	0	0
Zotu133	0	0	0	0	15	0	0	8	0	0	2	0	0	0	0	0	6	0	0	0	0	0	0	6	0	0	9	0	0	0	0	0	0	0	0	0	0	0	0	0	13	0	0	0	21	0	1	0	0	77	0	0	0	0	0	33	0	0	0	0	0	0	0	0	0	0
Zotu180	0	0	0	0	4	7	4	8	0	2	2	4	3	0	2	2	0	1	1	0	0	0	0	4	0	9	1	0	0	0	4	0	3	0	3	4	41	4	15	37	0	27	9	6	11	0	0	2	6	7	4	3	6	6	18	3	11	5	19	38	20	19	1	0	0	0
Zotu201	0	0	0	0	5	2	8	4	0	8	0	2	6	1	1	2	0	4	0	0	1	0	1	4	0	1	1	0	0	3	4	2	2	1	0	3	12	20	8	7	10	31	3	5	10	3	3	27	66	76	3	35	42	19	9	6	9	14	21	22	6	10	3	0	0	0
Zotu82	0	0	0	0	5	0	0	0	0	0	0	0	1	0	1	0	0	0	0	0	0	0	0	0	1	0	0	0	0	1	0	0	0	0	0	0	0	3	0	0	0	1	0	0	0	0	2	1	2	0	5	2	0	0	0	7	5	7	0	0	0	0	0	0	0	0
Zotu170	0	0	0	0	13	0	0	0	0	0	0	0	0	0	0	0	0	0	0	0	2	0	0	0	0	0	0	0	0	0	0	0	0	0	0	0	0	12	0	0	0	0	0	0	29	0	0	0	0	0	0	0	0	0	0	0	0	0	5	0	0	0	0	0	0	0
Zotu121	0	0	0	0	14	0	0	32	0	7	0	0	0	0	0	0	0	0	0	0	10	11	0	0	0	0	0	0	0	0	17	0	0	1	0	0	0	0	0	0	22	0	0	0	0	0	0	70	4	2	0	0	0	0	0	0	0	0	0	0	0	0	0	0	0	0
Zotu55	0	0	0	0	36	0	0	0	0	0	0	0	14	0	1	0	0	0	1	0	3	0	0	0	5	1	0	0	0	6	0	0	0	0	0	3	3	15	1	0	0	2	0	0	0	5	0	3	11	6	21	7	3	1	7	25	9	21	5	5	0	1	0	0	0	0
Zotu54	0	0	0	0	5	0	0	0	0	0	0	0	2	0	0	1	0	0	0	0	0	0	0	0	2	0	0	0	1	1	0	0	0	0	0	0	0	3	0	0	0	0	0	1	0	1	0	0	1	2	3	2	1	1	1	1	2	4	0	0	0	0	0	0	0	0
Zotu30	0	0	0	0	10	0	0	0	0	0	0	0	5	0	1	0	0	0	0	0	2	0	0	0	0	0	0	0	6	2	0	0	0	0	0	1	6	13	0	0	0	0	1	0	1	5	2	0	1	8	6	10	0	1	7	6	14	2	4	3	0	0	0	0	0	0
Zotu16	0	0	0	0	19	7	82	44	12	26	17	71	15	23	18	8	10	12	0	1	27	13	11	13	0	85	25	0	25	1	56	6	85	3	12	139	254	99	347	164	45	65	4	70	228	25	7	169	46	12	18	117	61	106	325	27	0	36	53	107	1627	224	1327	48	24	16
Zotu216	0	0	0	0	23	0	0	2	0	0	0	0	0	0	0	0	0	0	0	0	16	0	0	0	0	0	0	0	0	0	0	0	0	0	0	0	0	0	0	0	0	0	0	0	0	0	0	0	0	0	0	0	0	0	0	0	0	0	0	0	0	0	0	0	0	0
Zotu49	0	0	0	0	24	0	0	12	0	4	3	3	0	22	0	2	2	9	0	0	3	21	0	11	1	17	8	2	1	0	0	2	0	6	5	81	99	41	94	190	29	63	13	71	0	0	8	0	16	0	17	26	0	0	0	0	0	0	0	0	0	0	0	0	0	0
Zotu172	0	0	0	0	3	0	0	2	0	7	0	0	21	1	0	0	0	0	0	0	2	0	0	5	0	0	0	0	0	2	10	0	0	13	0	0	0	0	0	0	0	0	0	7	0	0	0	0	4	0	0	17	0	0	3	6	18	9	2	19	0	0	0	0	0	0
Zotu107	0	0	0	0	5	0	0	0	0	0	0	0	1	0	0	0	0	0	0	0	0	0	0	0	0	5	2	0	0	0	0	0	0	0	0	0	40	0	0	0	0	0	0	0	0	0	0	0	0	0	0	0	0	0	0	0	0	0	0	0	0	72	0	0	1	0
Zotu103	0	0	0	0	5	23	16	8	0	4	0	18	8	8	3	3	1	4	0	0	4	3	3	6	0	37	13	0	1	1	3	4	5	1	1	15	76	14	55	57	11	41	11	35	17	4	0	4	13	26	6	7	24	19	54	19	27	16	48	63	27	31	1	0	0	0
Zotu211	0	0	0	0	1	0	0	0	0	0	0	0	0	0	0	0	0	0	0	0	0	0	0	0	0	0	0	0	0	0	0	0	0	0	0	0	0	0	0	0	0	0	0	0	0	0	0	0	0	0	0	0	0	0	0	0	0	0	27	0	0	0	0	0	0	0
Zotu209	0	0	0	0	2	0	0	0	0	0	0	0	0	0	0	0	1	0	0	1	3	0	2	0	0	0	0	0	0	0	0	0	3	2	0	0	0	0	0	0	5	7	0	0	7	0	0	0	8	2	0	4	7	0	0	0	0	3	11	1	0	0	0	0	0	0
Zotu79	0	0	0	0	2	0	0	0	0	0	0	0	0	3	0	0	1	0	0	0	1	0	0	0	0	0	0	0	0	0	0	6	41	6	0	0	0	0	0	0	17	16	0	0	47	0	0	0	14	14	0	36	17	0	0	0	0	9	58	15	2	0	1	0	0	0
Zotu154	0	0	0	0	3	0	0	1	0	0	0	0	0	0	0	1	0	2	0	0	1	3	0	0	0	0	0	0	0	0	0	0	0	1	0	10	0	0	5	8	7	7	0	1	0	0	3	0	2	0	3	3	0	0	0	0	0	0	0	0	0	0	0	0	0	0
Zotu83	0	0	0	0	3	0	0	0	0	4	23	0	0	2	2	3	42	0	0	0	0	60	0	0	0	0	0	0	0	0	0	0	0	0	0	0	0	0	0	0	157	0	0	0	78	0	0	41	6	0	0	15	0	0	0	0	0	0	20	0	0	0	0	0	0	0
Zotu131	0	0	0	0	1	2	3	4	0	1	1	0	2	0	0	0	0	2	0	0	1	0	1	1	0	0	0	0	0	0	11	0	2	1	0	4	4	8	7	2	6	5	1	4	2	1	1	7	51	65	1	16	16	3	5	1	4	7	9	7	5	8	3	0	2	0
Zotu214	0	0	0	0	5	2	23	5	6	8	6	12	6	10	2	6	3	7	0	0	11	0	1	4	0	12	2	0	3	1	3	4	7	1	5	15	16	19	20	6	20	9	1	9	13	2	3	19	14	3	13	16	19	17	30	4	0	11	9	13	39	18	20	0	7	0
Zotu12	0	0	0	0	1	0	0	0	0	0	0	0	0	0	0	0	0	0	0	0	0	0	0	0	0	0	0	0	0	0	0	0	0	0	0	0	2	0	0	0	0	0	0	0	0	0	0	0	0	0	0	0	0	0	0	0	0	0	0	0	0	0	0	0	16131	0
Zotu61	0	0	0	0	3	0	1	9	2	21	1	0	53	4	0	0	4	0	0	0	2	8	0	13	6	0	0	0	2	3	130	5	0	9	0	0	0	0	0	0	0	1	0	34	1	0	0	0	12	0	0	57	0	0	32	22	117	16	7	114	0	0	0	0	5	0
Zotu163	0	0	0	0	1	0	0	0	0	0	0	0	0	0	0	0	0	0	0	0	0	0	0	0	0	0	0	0	0	0	0	0	0	0	0	0	0	0	0	0	0	0	0	0	0	0	0	1	0	0	0	0	0	0	0	0	0	0	0	0	0	0	0	0	0	0
Zotu168	0	0	0	0	0	52	0	0	0	0	0	0	0	0	0	0	0	0	0	0	0	0	0	0	0	0	0	0	0	0	0	0	0	0	0	0	0	0	0	0	0	0	0	0	0	0	0	0	0	0	0	0	0	0	0	0	0	0	0	0	0	0	0	0	0	0
Zotu193	0	0	0	0	0	48	0	0	0	0	0	0	0	0	0	0	0	0	0	0	0	0	0	0	0	0	0	0	0	0	0	0	0	0	0	0	0	0	0	0	0	0	0	0	0	0	0	0	0	0	0	0	0	0	0	0	0	0	0	0	0	0	0	0	0	0
Zotu84	0	0	0	0	0	295	0	0	0	0	0	0	0	0	0	0	0	0	0	0	0	0	0	0	0	0	0	0	0	0	0	0	0	0	0	0	0	0	0	0	0	0	0	0	0	0	0	0	0	0	0	0	0	0	0	0	0	0	0	0	0	0	0	0	0	0
Zotu60	0	0	0	0	0	44	0	0	5	11	0	0	4	0	0	0	0	0	0	0	10	9	0	0	0	0	0	2	0	0	0	0	0	0	0	0	0	83	166	0	0	0	0	0	17	0	0	0	0	0	0	70	0	0	0	0	0	0	0	0	0	68	0	0	2	0
Zotu197	0	0	0	0	0	13	0	0	3	4	0	0	1	0	0	0	0	0	0	0	3	0	0	0	0	0	0	0	0	0	0	0	0	0	0	0	0	14	17	0	0	0	0	0	0	0	0	0	0	0	0	5	0	0	0	0	0	0	0	0	0	6	0	0	0	0
Zotu81	0	0	0	0	0	40	51	0	8	0	0	0	0	0	0	3	0	23	0	0	0	0	0	0	0	0	16	0	0	0	42	0	27	0	0	0	0	0	1	137	31	0	0	0	0	0	0	27	0	13	0	110	0	0	0	0	95	0	0	0	0	0	0	0	0	0
Zotu226	0	0	0	0	0	2	0	0	0	48	0	0	0	0	0	0	0	0	0	0	0	0	0	0	0	0	0	0	0	0	0	0	0	0	0	0	0	0	0	0	0	0	0	0	0	0	0	0	0	0	0	0	0	0	0	0	0	0	0	0	0	0	0	0	0	0
Zotu127	0	0	0	0	0	45	0	0	0	31	0	0	0	0	0	0	0	16	0	0	0	0	0	2	0	0	0	0	0	0	0	0	0	0	0	0	0	0	0	0	0	0	0	0	0	0	0	0	0	0	0	0	0	0	0	0	0	0	0	0	0	0	0	0	0	0
Zotu87	0	0	0	0	0	5	38	0	0	0	0	0	0	0	0	0	1	0	0	0	2	0	0	0	0	0	0	0	0	0	0	0	0	0	1	0	0	0	0	0	0	0	0	0	240	0	0	0	0	0	0	0	0	0	0	0	0	0	23	29	0	0	0	0	0	0
Zotu155	0	0	0	0	0	2	0	0	0	0	0	0	0	0	0	0	0	0	0	0	0	0	0	0	0	0	0	0	0	0	0	0	0	0	0	0	0	0	0	0	0	0	0	0	0	0	0	0	0	0	0	0	0	0	0	0	0	0	0	0	0	0	0	0	0	0
Zotu69	0	0	0	0	0	5	0	0	0	309	0	0	0	0	0	0	0	1	0	0	0	0	0	0	0	0	0	0	0	0	0	0	0	0	0	0	0	0	0	0	0	0	0	0	0	0	0	0	0	3	0	0	0	0	0	0	0	0	0	0	0	0	0	0	0	0
Zotu186	0	0	0	0	0	1	1	0	1	0	0	0	0	0	0	0	0	0	0	0	0	0	0	0	0	0	0	0	0	0	0	0	0	0	0	0	0	0	0	0	0	0	0	0	0	0	0	1	0	0	0	1	0	0	0	0	0	0	0	0	0	0	0	0	0	0
Zotu140	0	0	0	0	0	1	0	0	0	0	0	0	0	0	1	0	0	0	1	0	3	0	0	0	0	0	0	0	0	0	0	0	0	0	0	0	0	0	0	0	0	0	0	0	0	0	0	0	0	0	0	0	0	0	0	0	0	0	0	0	0	0	0	0	0	0
Zotu221	0	0	0	0	0	1	0	0	1	0	0	1	1	1	0	0	0	0	0	0	0	0	0	0	0	0	0	0	0	0	0	0	0	0	0	0	1	0	2	2	0	1	0	1	0	0	0	0	0	0	0	0	0	1	3	3	3	1	3	2	0	0	0	0	0	0
Zotu125	0	0	0	0	0	1	0	0	0	0	0	0	0	0	0	0	0	0	0	0	1	0	0	0	0	0	0	0	0	1	0	0	1	0	0	0	0	0	0	0	0	0	0	0	0	0	0	0	0	0	0	0	0	0	0	0	2	0	0	0	0	0	0	0	0	0
Zotu53	0	0	0	0	0	0	116	0	0	10	0	0	0	0	0	0	0	0	0	0	10	0	0	0	0	0	0	1	0	0	0	0	0	0	0	0	0	8	0	0	0	0	0	0	27	0	0	0	0	0	0	41	0	0	0	0	0	2	0	0	618	0	0	0	0	0
Zotu225	0	0	0	0	0	0	56	0	0	0	0	0	0	0	0	0	0	0	0	0	0	0	0	0	0	0	0	0	0	0	0	0	0	0	0	0	0	0	0	0	0	0	0	0	0	0	0	0	0	0	0	0	0	0	0	0	0	0	0	0	0	0	0	0	0	0
Zotu56	0	0	0	0	0	0	59	0	0	0	0	0	0	0	0	0	0	0	1	0	0	0	0	0	0	0	0	0	0	0	0	0	0	0	0	0	0	0	0	0	0	0	0	0	0	0	0	853	0	0	0	0	0	0	0	0	0	0	0	0	0	0	0	0	0	0
Zotu156	0	0	0	0	0	0	66	0	0	0	0	0	0	0	0	0	0	0	0	0	0	0	0	0	0	0	0	0	0	0	0	0	0	0	0	0	0	0	0	0	0	0	0	0	0	0	0	0	0	0	0	0	0	0	0	0	0	0	0	0	0	0	0	0	0	0
Zotu52	0	0	0	0	0	0	1	0	0	0	0	0	0	0	0	0	1	0	1	0	0	0	0	0	0	0	0	0	0	0	0	0	0	0	0	0	0	0	0	0	0	0	1	0	0	0	1	0	0	1	0	0	0	0	0	1	0	0	0	0	0	0	0	0	0	0
Zotu165	0	0	0	0	0	0	4	0	0	0	0	0	0	0	0	0	0	0	0	0	0	0	0	0	0	0	0	0	0	0	0	0	0	0	0	0	0	0	0	0	0	0	0	0	0	0	0	0	0	0	0	0	0	0	0	0	0	0	0	0	0	0	0	0	0	0
Zotu47	0	0	0	0	0	0	12	0	0	3	0	6	3	0	0	0	0	0	0	0	0	0	0	0	0	8	0	0	0	0	0	0	0	0	0	1	1	0	0	0	1	0	0	1	8	1	0	1	3	2	0	12	12	0	0	8	0	0	0	0	12	0	5	0	0	0
Zotu174	0	0	0	0	0	0	16	0	0	0	0	0	0	0	0	0	0	0	0	0	0	0	0	0	0	0	0	0	0	0	0	0	0	0	0	0	0	0	0	0	3	0	0	0	0	0	0	0	0	0	0	7	0	0	0	0	0	0	0	0	0	0	0	0	0	0
Zotu146	0	0	0	0	0	0	10	0	0	0	0	0	7	0	0	0	0	0	0	0	7	16	3	0	0	0	0	1	4	0	3	0	3	0	0	0	0	0	0	0	0	0	0	0	0	0	0	0	0	0	0	0	0	0	0	0	0	0	0	0	0	0	0	0	0	0
Zotu102	0	0	0	0	0	0	5	0	0	0	0	0	0	0	0	0	0	0	0	0	0	0	0	0	0	0	0	0	0	0	0	0	0	0	0	0	0	0	0	0	0	0	0	0	0	0	0	0	0	0	0	2	0	0	0	0	0	0	0	0	0	0	0	0	0	0
Zotu152	0	0	0	0	0	0	3	0	0	0	0	0	0	0	0	0	0	0	0	0	0	0	0	0	0	0	0	0	0	0	0	0	0	0	0	0	0	0	0	0	0	0	0	0	0	0	0	0	0	0	0	0	0	0	0	0	0	0	1	0	0	0	0	0	0	0
Zotu94	0	0	0	0	0	0	1	0	0	0	0	0	0	0	0	1	0	0	0	0	0	0	0	0	0	0	0	0	0	0	1	0	0	0	0	0	0	0	0	0	0	0	0	0	0	0	0	0	0	0	0	1	0	0	0	0	0	0	0	0	0	0	0	0	0	0
Zotu179	0	0	0	0	0	0	3	0	0	0	0	0	0	0	0	0	0	0	0	0	0	0	0	0	0	0	0	0	0	0	0	0	0	0	0	0	15	0	0	0	0	0	0	0	0	0	0	0	0	0	0	6	0	0	0	0	0	0	0	0	0	0	0	0	0	0
Zotu51	0	0	0	0	0	0	1	1	2	0	0	0	0	0	0	0	0	0	0	1	0	0	0	0	0	0	0	1	0	0	0	0	0	0	0	0	0	0	0	0	0	3	0	0	0	0	0	5	4	0	0	4	0	0	0	2	8	7	47	3	0	0	0	0	0	0
Zotu74	0	0	0	0	0	0	0	10	0	0	0	0	0	0	0	0	0	0	0	0	0	0	0	0	0	0	0	0	0	0	0	0	0	0	0	0	0	0	0	0	0	56	0	0	0	0	0	68	53	151	0	0	0	0	0	0	0	0	0	0	0	0	0	0	0	0
Zotu58	0	0	0	0	0	0	0	1	0	1	0	1	0	0	0	0	0	0	0	0	1	1	0	0	0	1	1	0	0	0	1	0	1	0	0	4	1	0	1	0	1	3	1	3	1	0	0	1	0	2	0	1	0	0	0	1	0	0	1	4	0	0	0	0	0	0
Zotu199	0	0	0	0	0	0	0	1	0	0	0	0	0	0	0	0	0	0	0	0	0	0	0	0	0	0	0	0	0	0	0	0	0	0	0	0	0	0	0	0	0	0	0	0	0	0	0	0	0	0	0	0	0	0	0	0	0	0	0	0	0	0	0	0	0	0
Zotu108	0	0	0	0	0	0	0	1	0	0	1	0	0	0	0	0	0	0	1	0	0	0	0	0	1	1	1	0	0	0	0	0	0	0	0	0	0	0	0	0	0	0	0	0	0	0	0	0	0	0	0	0	0	0	0	0	0	0	0	0	0	0	0	0	0	0
Zotu50	0	0	0	0	0	0	0	0	1	1	0	0	0	0	0	1	0	1	0	0	2	0	1	0	1	0	1	1	1	2	0	0	0	0	0	0	0	0	2	0	0	0	0	0	0	0	0	0	0	0	7	0	1	0	0	1	0	0	0	0	0	0	0	0	0	0
Zotu36	0	0	0	0	0	0	0	0	2	0	0	1	0	0	0	0	0	0	0	0	0	0	0	1	1	0	2	0	1	0	0	1	0	0	0	0	0	0	0	0	0	0	0	0	0	0	0	1	0	0	0	0	0	0	0	0	0	0	6	18	1	0	1	0	0	0
Zotu75	0	0	0	0	0	0	0	0	1	2	0	0	0	0	0	1	0	7	0	0	0	0	0	0	0	0	0	0	0	0	3	0	0	0	0	0	6	0	0	0	2	0	0	0	0	0	0	231	1	79	0	8	0	0	0	41	0	0	0	0	0	0	0	0	0	0
Zotu143	0	0	0	0	0	0	0	0	1	0	0	0	2	0	0	0	0	0	0	0	0	0	0	1	0	0	0	0	0	0	0	0	0	1	0	0	0	0	0	0	0	0	0	1	0	0	0	0	1	0	0	2	0	0	0	0	1	0	0	0	0	0	0	0	0	0
Zotu162	0	0	0	0	0	0	0	0	1	1	0	0	0	0	9	0	0	0	0	0	0	0	0	0	0	0	0	0	0	0	0	0	0	0	0	0	0	0	0	0	0	0	0	0	0	0	0	0	0	0	0	0	0	0	0	0	8	0	6	0	0	0	0	0	0	0
Zotu188	0	0	0	0	0	0	0	0	0	2	0	0	0	0	0	0	0	0	0	0	0	0	0	0	0	0	0	0	0	0	0	4	0	0	0	0	0	0	0	0	0	17	0	0	0	1	0	26	25	0	0	0	0	0	0	0	0	0	0	0	0	0	0	0	0	0
Zotu192	0	0	0	0	0	0	0	0	0	5	0	0	0	0	0	0	0	0	0	0	0	0	0	0	0	0	0	0	0	0	0	0	0	0	0	0	0	0	0	0	0	1	0	0	0	0	0	18	12	27	0	0	0	0	0	0	0	0	0	0	0	0	0	0	0	0
Zotu99	0	0	0	0	0	0	0	0	0	2	2	0	0	0	4	2	3	0	0	0	0	0	1	3	1	5	1	0	0	0	0	0	0	2	0	2	0	0	0	0	0	1	0	5	0	1	1	10	10	7	2	12	4	0	0	14	23	1	15	25	0	8	0	0	0	0
Zotu142	0	0	0	0	0	0	0	0	0	1	0	0	2	1	5	1	2	0	1	0	1	1	0	1	0	0	0	0	4	1	1	1	2	5	0	0	0	1	0	0	0	0	0	0	0	0	0	1	2	0	3	8	7	0	0	0	2	3	3	0	0	0	0	0	0	0
Zotu194	0	0	0	0	0	0	0	0	0	0	16	0	0	6	0	0	0	0	0	0	0	9	0	0	0	0	0	0	0	0	0	0	0	0	0	0	0	0	0	0	0	0	0	0	0	0	0	0	0	0	0	8	0	0	0	0	0	0	0	0	0	0	0	0	0	0
Zotu86	0	0	0	0	0	0	0	0	0	0	0	5	0	0	0	0	0	0	0	0	0	46	0	0	0	0	0	0	0	0	23	2	22	0	0	11	0	0	0	0	0	0	0	0	0	0	0	0	25	64	0	0	0	0	0	0	15	0	26	0	0	0	0	1	9	0
Zotu210	0	0	0	0	0	0	0	0	0	0	0	5	0	0	0	0	0	0	1	2	0	0	0	0	0	0	0	1	0	0	0	0	0	0	0	10	0	0	0	0	0	0	0	2	0	0	0	0	0	0	0	0	0	0	0	0	0	0	0	0	0	0	0	0	0	0
Zotu203	0	0	0	0	0	0	0	0	0	0	0	1	0	0	0	4	0	0	0	0	0	0	0	1	0	0	0	0	0	0	0	0	0	0	0	0	0	0	0	0	0	0	0	0	0	0	0	0	0	0	0	0	0	0	0	0	0	0	0	0	0	0	0	0	0	0
Zotu77	0	0	0	0	0	0	0	0	0	0	0	0	9	0	0	0	0	0	0	0	0	0	0	0	0	0	0	0	0	0	0	0	4	0	0	0	0	0	169	84	0	0	0	0	0	0	0	0	0	0	0	0	0	0	0	0	0	0	0	0	0	0	0	0	0	0
Zotu228	0	0	0	0	0	0	0	0	0	0	0	0	2	0	0	0	0	0	0	0	0	0	0	0	0	0	0	0	31	0	0	0	0	0	0	0	0	0	0	0	0	0	0	0	0	0	0	0	0	0	0	0	0	0	0	0	0	0	0	0	0	0	0	0	0	0
Zotu93	0	0	0	0	0	0	0	0	0	0	0	0	2	7	0	0	0	0	0	0	0	0	0	0	0	0	0	0	0	3	0	0	0	3	0	0	0	0	0	0	0	0	0	0	0	0	0	0	0	0	0	0	0	0	0	107	49	0	0	0	0	0	0	0	0	0
Zotu157	0	0	0	0	0	0	0	0	0	0	0	0	0	1	0	0	0	0	0	0	1	0	0	0	0	0	0	0	0	9	0	0	0	5	0	0	0	0	0	0	0	0	0	0	0	0	0	0	0	0	0	0	0	0	0	67	22	0	0	0	0	0	0	0	0	0
Zotu207	0	0	0	0	0	0	0	0	0	0	0	0	0	0	11	0	5	0	0	0	0	0	0	0	0	45	0	0	0	0	0	0	0	0	0	0	0	0	0	0	0	0	0	0	0	0	0	0	0	0	0	0	0	0	0	0	0	0	0	0	0	0	0	0	0	0
Zotu85	0	0	0	0	0	0	0	0	0	0	0	0	0	0	1	0	0	0	0	0	0	0	1	0	0	0	0	0	0	0	0	0	0	0	0	1	0	0	0	0	0	0	0	0	0	0	0	0	1	0	1	0	0	0	1	0	1	2	0	1	0	1	0	0	0	0
Zotu96	0	0	0	0	0	0	0	0	0	0	0	0	0	0	0	4	0	0	0	0	0	0	0	0	0	0	0	0	0	0	0	0	0	0	0	0	0	0	0	0	0	0	0	0	0	0	0	0	0	0	0	0	0	0	0	0	0	0	0	0	0	0	0	0	0	0
Zotu229	0	0	0	0	0	0	0	0	0	0	0	0	0	0	0	1	0	0	0	0	0	0	0	0	0	0	0	0	0	0	0	0	0	0	0	0	0	0	0	0	2	0	0	0	0	0	0	0	0	0	2	0	0	0	0	0	0	0	0	0	0	0	0	0	0	0
Zotu76	0	0	0	0	0	0	0	0	0	0	0	0	0	0	0	1	0	0	0	0	0	0	0	0	0	0	0	0	0	0	0	0	0	0	1	0	0	0	0	0	0	0	0	0	0	0	0	0	0	0	0	0	0	0	0	0	1	2	7	1	0	0	0	0	0	0
Zotu111	0	0	0	0	0	0	0	0	0	0	0	0	0	0	0	1	0	0	0	0	0	0	0	0	0	1	0	0	0	0	0	0	0	0	0	0	0	0	0	0	1	0	0	0	0	0	0	0	0	0	0	0	0	0	0	1	0	0	0	0	0	0	0	0	0	0
Zotu38	0	0	0	0	0	0	0	0	0	0	0	0	0	0	0	0	3	0	0	0	0	0	11	0	0	0	0	0	7	0	0	0	0	0	3	0	114	0	0	0	0	0	0	0	0	0	0	0	0	0	0	0	0	219	0	0	43	27	0	0	0	0	1032	0	0	0
Zotu173	0	0	0	0	0	0	0	0	0	0	0	0	0	0	0	0	4	0	0	0	0	0	0	0	0	0	0	0	0	0	0	0	0	0	0	0	0	0	0	0	14	0	0	0	0	0	0	0	0	0	0	0	0	0	0	0	0	68	0	0	0	0	0	0	0	0
Zotu124	0	0	0	0	0	0	0	0	0	0	0	0	0	0	0	0	5	13	0	3	0	0	0	0	0	0	0	0	0	0	0	0	0	0	0	0	0	0	0	0	20	28	0	0	0	0	0	0	0	38	0	0	0	0	0	0	0	0	0	0	0	0	0	0	0	0
Zotu166	0	0	0	0	0	0	0	0	0	0	0	0	0	0	0	0	0	0	1	0	0	0	0	0	0	0	0	0	0	0	0	0	0	0	0	0	0	0	0	0	0	0	0	0	0	0	0	0	0	0	0	0	0	0	0	0	0	0	0	0	0	0	0	0	0	0
Zotu73	0	0	0	0	0	0	0	0	0	0	0	0	0	0	0	0	0	0	1	0	0	0	0	0	0	0	0	0	0	0	0	0	0	0	1	0	0	0	0	0	0	0	0	0	0	0	0	0	0	0	0	0	0	0	0	0	0	0	0	0	0	0	0	0	0	0
Zotu183	0	0	0	0	0	0	0	0	0	0	0	0	0	0	0	0	0	0	0	1	0	0	0	0	0	0	0	0	0	0	0	0	0	0	0	0	0	0	0	0	4	0	0	0	0	0	0	0	0	0	0	0	0	0	0	0	0	0	0	0	0	0	0	0	0	0
Zotu115	0	0	0	0	0	0	0	0	0	0	0	0	0	0	0	0	0	0	0	2	0	0	0	11	0	0	0	0	0	0	0	0	0	0	0	0	0	0	0	0	20	0	0	0	0	2	0	0	0	0	0	12	0	75	0	0	0	0	0	0	0	0	0	0	0	0
Zotu190	0	0	0	0	0	0	0	0	0	0	0	0	0	0	0	0	0	0	0	1	0	8	0	0	0	0	0	0	0	0	0	0	0	0	0	0	0	0	0	0	0	0	0	0	21	0	0	0	0	0	0	0	34	0	0	0	0	0	0	0	0	0	0	0	0	0
Zotu205	0	0	0	0	0	0	0	0	0	0	0	0	0	0	0	0	0	0	0	0	1	0	0	0	0	0	0	0	0	0	0	0	1	0	0	0	0	0	0	0	1	0	0	0	0	0	0	0	0	0	0	1	0	0	0	0	0	0	0	0	0	0	0	0	0	0
Zotu72	0	0	0	0	0	0	0	0	0	0	0	0	0	0	0	0	0	0	0	0	2	0	0	0	0	0	0	0	0	2	0	0	16	0	0	0	0	0	0	0	0	69	0	0	149	0	1	0	0	0	7	64	0	0	0	0	0	0	0	0	0	0	0	0	0	0
Zotu27	0	0	0	0	0	0	0	0	0	0	0	0	0	0	0	0	0	0	0	0	2	0	0	0	0	0	0	0	0	0	0	0	0	0	0	0	0	0	0	0	0	0	0	0	0	0	0	0	4	0	0	0	34	0	0	0	0	0	1210	0	657	0	0	0	0	3
Zotu67	0	0	0	0	0	0	0	0	0	0	0	0	0	0	0	0	0	0	0	0	0	2	0	0	0	0	0	0	0	0	0	3	1	0	0	0	0	0	0	0	0	0	0	0	0	0	0	0	0	0	0	0	0	0	0	0	0	0	0	0	0	0	0	0	0	0
Zotu178	0	0	0	0	0	0	0	0	0	0	0	0	0	0	0	0	0	0	0	0	0	2	0	1	0	7	0	0	2	0	0	0	0	0	0	0	0	9	0	0	0	0	0	0	0	0	0	0	0	0	0	0	0	0	0	0	0	0	0	0	0	0	0	0	0	0
Zotu147	0	0	0	0	0	0	0	0	0	0	0	0	0	0	0	0	0	0	0	0	0	0	0	0	0	0	0	0	53	0	0	0	0	0	0	0	0	0	0	0	0	0	0	0	0	0	0	0	0	31	0	0	0	0	0	0	0	0	0	0	0	0	0	0	0	0
Zotu78	0	0	0	0	0	0	0	0	0	0	0	0	0	0	0	0	0	0	0	0	0	0	0	0	0	0	0	0	4	0	0	0	0	0	0	0	0	0	0	0	0	0	0	0	0	0	0	0	0	0	0	0	0	0	2	1	0	1	112	390	1	1	10	0	0	0
Zotu224	0	0	0	0	0	0	0	0	0	0	0	0	0	0	0	0	0	0	0	0	0	0	0	0	0	0	0	0	0	0	42	0	0	0	0	0	0	0	0	0	0	0	0	0	0	0	0	0	0	0	0	0	0	0	0	0	0	0	0	0	0	0	0	0	0	0
Zotu148	0	0	0	0	0	0	0	0	0	0	0	0	0	0	0	0	0	0	0	0	0	0	0	0	0	0	0	0	0	0	0	0	0	0	0	71	0	0	0	0	0	0	0	0	0	0	0	0	1	0	0	0	0	0	0	0	0	0	0	2	0	0	0	0	0	0
Zotu109	0	0	0	0	0	0	0	0	0	0	0	0	0	0	0	0	0	0	0	0	0	0	0	0	0	0	0	0	0	0	0	0	0	0	0	1	7	0	0	0	0	0	0	0	0	0	0	0	0	0	0	0	0	0	0	0	0	0	0	0	0	0	0	0	0	0
Zotu215	0	0	0	0	0	0	0	0	0	0	0	0	0	0	0	0	0	0	0	0	0	0	0	0	0	0	0	0	0	0	0	0	0	0	0	0	0	36	0	0	0	0	0	0	0	0	0	0	0	0	0	0	0	0	0	0	0	0	0	0	0	0	0	0	0	0
Zotu195	0	0	0	0	0	0	0	0	0	0	0	0	0	0	0	0	0	0	0	0	0	0	0	0	0	0	0	0	0	0	0	0	0	0	0	0	0	14	0	0	0	0	0	0	0	0	0	0	0	0	0	32	0	0	0	0	0	0	0	0	0	0	1	0	0	0
Zotu129	0	0	0	0	0	0	0	0	0	0	0	0	0	0	0	0	0	0	0	0	0	0	0	0	0	0	0	0	0	0	0	0	0	0	0	0	0	0	0	136	0	0	0	0	0	0	0	0	0	0	0	0	0	0	0	0	0	0	0	0	0	0	0	0	0	0
Zotu122	0	0	0	0	0	0	0	0	0	0	0	0	0	0	0	0	0	0	0	0	0	0	0	0	0	0	0	0	0	0	0	0	0	0	0	0	0	0	0	82	0	0	0	0	0	0	0	0	0	0	0	0	0	0	0	0	0	0	0	0	0	0	0	0	0	0
Zotu234	0	0	0	0	0	0	0	0	0	0	0	0	0	0	0	0	0	0	0	0	0	0	0	0	0	0	0	0	0	0	0	0	0	0	0	0	0	0	0	39	0	0	0	0	0	0	0	0	0	0	0	0	0	0	0	0	0	0	0	0	0	0	0	0	0	0
Zotu40	0	0	0	0	0	0	0	0	0	0	0	0	0	0	0	0	0	0	0	0	0	0	0	0	0	0	0	0	0	0	0	0	0	0	0	0	0	0	0	87	0	0	0	0	0	0	0	0	0	3	0	0	2	0	0	0	0	0	468	0	274	0	0	0	0	0
Zotu176	0	0	0	0	0	0	0	0	0	0	0	0	0	0	0	0	0	0	0	0	0	0	0	0	0	0	0	0	0	0	0	0	0	0	0	0	0	0	0	1	0	0	0	0	0	0	0	0	0	0	0	0	0	0	0	0	0	0	0	0	0	0	0	0	0	0
Zotu105	0	0	0	0	0	0	0	0	0	0	0	0	0	0	0	0	0	0	0	0	0	0	0	0	0	0	0	0	0	0	0	0	0	0	0	0	0	0	0	0	7	0	0	0	0	0	0	0	0	0	0	0	0	0	0	0	0	0	0	0	0	0	0	0	0	0
Zotu191	0	0	0	0	0	0	0	0	0	0	0	0	0	0	0	0	0	0	0	0	0	0	0	0	0	0	0	0	0	0	0	0	0	0	0	0	0	0	0	0	1	0	0	0	0	0	0	0	9	4	1	0	0	0	0	0	0	0	0	0	0	0	0	0	0	0
Zotu159	0	0	0	0	0	0	0	0	0	0	0	0	0	0	0	0	0	0	0	0	0	0	0	0	0	0	0	0	0	0	0	0	0	0	0	0	0	0	0	0	0	56	0	0	0	0	0	0	0	0	0	0	0	0	0	0	0	0	0	0	0	0	0	0	0	0
Zotu217	0	0	0	0	0	0	0	0	0	0	0	0	0	0	0	0	0	0	0	0	0	0	0	0	0	0	0	0	0	0	0	0	0	0	0	0	0	0	0	0	0	0	0	26	0	0	0	0	0	0	0	0	0	0	0	0	0	0	0	0	0	0	0	0	0	0
Zotu212	0	0	0	0	0	0	0	0	0	0	0	0	0	0	0	0	0	0	0	0	0	0	0	0	0	0	0	0	0	0	0	0	0	0	0	0	0	0	0	0	0	0	0	1	0	0	0	0	0	0	0	0	0	0	0	0	1	0	0	0	0	0	0	0	0	0
Zotu150	0	0	0	0	0	0	0	0	0	0	0	0	0	0	0	0	0	0	0	0	0	0	0	0	0	0	0	0	0	0	0	0	0	0	0	0	0	0	0	0	0	0	0	1	0	0	0	0	0	0	0	0	0	0	0	0	0	5	4	0	0	0	0	0	0	0
Zotu141	0	0	0	0	0	0	0	0	0	0	0	0	0	0	0	0	0	0	0	0	0	0	0	0	0	0	0	0	0	0	0	0	0	0	0	0	0	0	0	0	0	0	0	0	49	0	0	0	0	0	0	0	0	0	0	0	0	0	0	0	0	0	0	0	0	0
Zotu117	0	0	0	0	0	0	0	0	0	0	0	0	0	0	0	0	0	0	0	0	0	0	0	0	0	0	0	0	0	0	0	0	0	0	0	0	0	0	0	0	0	0	0	0	108	0	0	0	0	0	0	0	0	0	0	0	0	0	0	0	0	0	0	0	0	0
Zotu110	0	0	0	0	0	0	0	0	0	0	0	0	0	0	0	0	0	0	0	0	0	0	0	0	0	0	0	0	0	0	0	0	0	0	0	0	0	0	0	0	0	0	0	0	100	0	0	0	0	0	0	0	6	0	0	0	0	0	0	0	0	0	0	0	0	0
Zotu198	0	0	0	0	0	0	0	0	0	0	0	0	0	0	0	0	0	0	0	0	0	0	0	0	0	0	0	0	0	0	0	0	0	0	0	0	0	0	0	0	0	0	0	0	27	0	0	0	0	0	0	0	0	0	0	0	0	0	0	0	0	0	0	0	0	0
Zotu220	0	0	0	0	0	0	0	0	0	0	0	0	0	0	0	0	0	0	0	0	0	0	0	0	0	0	0	0	0	0	0	0	0	0	0	0	0	0	0	0	0	0	0	0	26	0	0	0	0	0	0	0	0	0	0	0	0	0	0	0	0	0	0	0	0	0
Zotu200	0	0	0	0	0	0	0	0	0	0	0	0	0	0	0	0	0	0	0	0	0	0	0	0	0	0	0	0	0	0	0	0	0	0	0	0	0	0	0	0	0	0	0	0	40	0	0	0	0	0	0	0	0	0	0	0	0	0	0	0	0	0	0	0	0	0
Zotu222	0	0	0	0	0	0	0	0	0	0	0	0	0	0	0	0	0	0	0	0	0	0	0	0	0	0	0	0	0	0	0	0	0	0	0	0	0	0	0	0	0	0	0	0	20	0	1	0	0	0	0	23	0	0	0	0	0	0	0	0	8	0	0	0	0	0
Zotu218	0	0	0	0	0	0	0	0	0	0	0	0	0	0	0	0	0	0	0	0	0	0	0	0	0	0	0	0	0	0	0	0	0	0	0	0	0	0	0	0	0	0	0	0	2	0	0	0	0	0	0	0	0	0	0	0	0	0	0	0	0	0	0	0	0	0
Zotu144	0	0	0	0	0	0	0	0	0	0	0	0	0	0	0	0	0	0	0	0	0	0	0	0	0	0	0	0	0	0	0	0	0	0	0	0	0	0	0	0	0	0	0	0	0	32	0	0	0	0	0	0	0	0	40	0	0	0	0	0	0	0	0	0	0	0
Zotu206	0	0	0	0	0	0	0	0	0	0	0	0	0	0	0	0	0	0	0	0	0	0	0	0	0	0	0	0	0	0	0	0	0	0	0	0	0	0	0	0	0	0	0	0	0	42	0	0	0	0	0	0	0	0	0	0	0	0	0	0	0	0	0	0	0	0
Zotu71	0	0	0	0	0	0	0	0	0	0	0	0	0	0	0	0	0	0	0	0	0	0	0	0	0	0	0	0	0	0	0	0	0	0	0	0	0	0	0	0	0	0	0	0	0	0	3	0	0	0	0	340	0	0	0	0	0	0	0	0	0	0	0	0	0	0
Zotu119	0	0	0	0	0	0	0	0	0	0	0	0	0	0	0	0	0	0	0	0	0	0	0	0	0	0	0	0	0	0	0	0	0	0	0	0	0	0	0	0	0	0	0	0	0	0	0	166	0	0	0	0	0	0	0	0	0	0	0	0	0	0	0	0	0	0
Zotu230	0	0	0	0	0	0	0	0	0	0	0	0	0	0	0	0	0	0	0	0	0	0	0	0	0	0	0	0	0	0	0	0	0	0	0	0	0	0	0	0	0	0	0	0	0	0	0	0	49	8	0	0	0	0	0	0	0	0	0	0	0	0	0	0	0	0
Zotu112	0	0	0	0	0	0	0	0	0	0	0	0	0	0	0	0	0	0	0	0	0	0	0	0	0	0	0	0	0	0	0	0	0	0	0	0	0	0	0	0	0	0	0	0	0	0	0	0	45	0	0	0	26	0	34	13	0	0	0	0	0	0	0	0	0	0
Zotu231	0	0	0	0	0	0	0	0	0	0	0	0	0	0	0	0	0	0	0	0	0	0	0	0	0	0	0	0	0	0	0	0	0	0	0	0	0	0	0	0	0	0	0	0	0	0	0	0	4	0	0	0	0	0	0	0	0	0	0	35	0	0	0	0	0	0
Zotu138	0	0	0	0	0	0	0	0	0	0	0	0	0	0	0	0	0	0	0	0	0	0	0	0	0	0	0	0	0	0	0	0	0	0	0	0	0	0	0	0	0	0	0	0	0	0	0	0	0	72	0	0	0	0	0	0	0	0	0	0	0	0	0	0	0	0
Zotu149	0	0	0	0	0	0	0	0	0	0	0	0	0	0	0	0	0	0	0	0	0	0	0	0	0	0	0	0	0	0	0	0	0	0	0	0	0	0	0	0	0	0	0	0	0	0	0	0	0	0	0	54	0	0	0	0	0	0	0	0	0	0	0	0	0	0
Zotu104	0	0	0	0	0	0	0	0	0	0	0	0	0	0	0	0	0	0	0	0	0	0	0	0	0	0	0	0	0	0	0	0	0	0	0	0	0	0	0	0	0	0	0	0	0	0	0	0	0	0	0	0	14	0	0	0	0	0	71	0	8	0	0	0	0	0
Zotu182	0	0	0	0	0	0	0	0	0	0	0	0	0	0	0	0	0	0	0	0	0	0	0	0	0	0	0	0	0	0	0	0	0	0	0	0	0	0	0	0	0	0	0	0	0	0	0	0	0	0	0	0	2	0	0	0	0	1	48	0	1	0	0	0	0	0
Zotu48	0	0	0	0	0	0	0	0	0	0	0	0	0	0	0	0	0	0	0	0	0	0	0	0	0	0	0	0	0	0	0	0	0	0	0	0	0	0	0	0	0	0	0	0	0	0	0	0	0	0	0	0	1	0	0	0	0	0	310	0	283	0	0	0	0	0
Zotu136	0	0	0	0	0	0	0	0	0	0	0	0	0	0	0	0	0	0	0	0	0	0	0	0	0	0	0	0	0	0	0	0	0	0	0	0	0	0	0	0	0	0	0	0	0	0	0	0	0	0	0	0	1	0	1	0	1	0	0	0	0	0	0	0	0	0
Zotu106	0	0	0	0	0	0	0	0	0	0	0	0	0	0	0	0	0	0	0	0	0	0	0	0	0	0	0	0	0	0	0	0	0	0	0	0	0	0	0	0	0	0	0	0	0	0	0	0	0	0	0	0	1	0	0	0	1	0	0	123	0	0	0	1	0	0
Zotu126	0	0	0	0	0	0	0	0	0	0	0	0	0	0	0	0	0	0	0	0	0	0	0	0	0	0	0	0	0	0	0	0	0	0	0	0	0	0	0	0	0	0	0	0	0	0	0	0	0	0	0	0	0	78	0	0	0	0	0	0	0	0	0	0	0	0
Zotu113	0	0	0	0	0	0	0	0	0	0	0	0	0	0	0	0	0	0	0	0	0	0	0	0	0	0	0	0	0	0	0	0	0	0	0	0	0	0	0	0	0	0	0	0	0	0	0	0	0	0	0	0	0	0	125	0	0	0	0	0	0	0	0	0	0	0
Zotu139	0	0	0	0	0	0	0	0	0	0	0	0	0	0	0	0	0	0	0	0	0	0	0	0	0	0	0	0	0	0	0	0	0	0	0	0	0	0	0	0	0	0	0	0	0	0	0	0	0	0	0	0	0	0	67	0	0	0	0	0	0	0	1	0	0	0
Zotu227	0	0	0	0	0	0	0	0	0	0	0	0	0	0	0	0	0	0	0	0	0	0	0	0	0	0	0	0	0	0	0	0	0	0	0	0	0	0	0	0	0	0	0	0	0	0	0	0	0	0	0	0	0	0	0	16	0	0	0	0	0	0	0	0	0	0
Zotu97	0	0	0	0	0	0	0	0	0	0	0	0	0	0	0	0	0	0	0	0	0	0	0	0	0	0	0	0	0	0	0	0	0	0	0	0	0	0	0	0	0	0	0	0	0	0	0	0	0	0	0	0	0	0	0	181	0	0	0	0	0	0	0	0	0	0
Zotu196	0	0	0	0	0	0	0	0	0	0	0	0	0	0	0	0	0	0	0	0	0	0	0	0	0	0	0	0	0	0	0	0	0	0	0	0	0	0	0	0	0	0	0	0	0	0	0	0	0	0	0	0	0	0	0	7	0	0	0	0	0	0	0	0	0	0
Zotu181	0	0	0	0	0	0	0	0	0	0	0	0	0	0	0	0	0	0	0	0	0	0	0	0	0	0	0	0	0	0	0	0	0	0	0	0	0	0	0	0	0	0	0	0	0	0	0	0	0	0	0	0	0	0	0	0	50	0	0	0	0	0	0	0	0	0
Zotu123	0	0	0	0	0	0	0	0	0	0	0	0	0	0	0	0	0	0	0	0	0	0	0	0	0	0	0	0	0	0	0	0	0	0	0	0	0	0	0	0	0	0	0	0	0	0	0	0	0	0	0	0	0	0	0	0	35	0	0	0	0	46	0	0	0	0
Zotu189	0	0	0	0	0	0	0	0	0	0	0	0	0	0	0	0	0	0	0	0	0	0	0	0	0	0	0	0	0	0	0	0	0	0	0	0	0	0	0	0	0	0	0	0	0	0	0	0	0	0	0	0	0	0	0	0	0	35	0	0	0	0	0	0	0	0
Zotu219	0	0	0	0	0	0	0	0	0	0	0	0	0	0	0	0	0	0	0	0	0	0	0	0	0	0	0	0	0	0	0	0	0	0	0	0	0	0	0	0	0	0	0	0	0	0	0	0	0	0	0	0	0	0	0	0	0	36	0	0	0	0	0	0	0	0
Zotu130	0	0	0	0	0	0	0	0	0	0	0	0	0	0	0	0	0	0	0	0	0	0	0	0	0	0	0	0	0	0	0	0	0	0	0	0	0	0	0	0	0	0	0	0	0	0	0	0	0	0	0	0	0	0	0	0	0	76	0	0	0	0	0	0	0	0
Zotu213	0	0	0	0	0	0	0	0	0	0	0	0	0	0	0	0	0	0	0	0	0	0	0	0	0	0	0	0	0	0	0	0	0	0	0	0	0	0	0	0	0	0	0	0	0	0	0	0	0	0	0	0	0	0	0	0	0	0	26	0	0	0	0	0	0	0
Zotu114	0	0	0	0	0	0	0	0	0	0	0	0	0	0	0	0	0	0	0	0	0	0	0	0	0	0	0	0	0	0	0	0	0	0	0	0	0	0	0	0	0	0	0	0	0	0	0	0	0	0	0	0	0	0	0	0	0	0	89	0	0	0	0	0	0	0
Zotu187	0	0	0	0	0	0	0	0	0	0	0	0	0	0	0	0	0	0	0	0	0	0	0	0	0	0	0	0	0	0	0	0	0	0	0	0	0	0	0	0	0	0	0	0	0	0	0	0	0	0	0	0	0	0	0	0	0	0	15	0	15	0	0	0	0	0
Zotu100	0	0	0	0	0	0	0	0	0	0	0	0	0	0	0	0	0	0	0	0	0	0	0	0	0	0	0	0	0	0	0	0	0	0	0	0	0	0	0	0	0	0	0	0	0	0	0	0	0	0	0	0	0	0	0	0	0	0	91	0	0	0	0	0	0	0
Zotu185	0	0	0	0	0	0	0	0	0	0	0	0	0	0	0	0	0	0	0	0	0	0	0	0	0	0	0	0	0	0	0	0	0	0	0	0	0	0	0	0	0	0	0	0	0	0	0	0	0	0	0	0	0	0	0	0	0	0	28	0	0	0	0	0	0	0
Zotu169	0	0	0	0	0	0	0	0	0	0	0	0	0	0	0	0	0	0	0	0	0	0	0	0	0	0	0	0	0	0	0	0	0	0	0	0	0	0	0	0	0	0	0	0	0	0	0	0	0	0	0	0	0	0	0	0	0	0	24	0	0	0	0	0	0	0
Zotu92	0	0	0	0	0	0	0	0	0	0	0	0	0	0	0	0	0	0	0	0	0	0	0	0	0	0	0	0	0	0	0	0	0	0	0	0	0	0	0	0	0	0	0	0	0	0	0	0	0	0	0	0	0	0	0	0	0	0	42	152	0	0	0	0	0	0
Zotu164	0	0	0	0	0	0	0	0	0	0	0	0	0	0	0	0	0	0	0	0	0	0	0	0	0	0	0	0	0	0	0	0	0	0	0	0	0	0	0	0	0	0	0	0	0	0	0	0	0	0	0	0	0	0	0	0	0	0	13	2	0	0	0	0	0	0
Zotu101	0	0	0	0	0	0	0	0	0	0	0	0	0	0	0	0	0	0	0	0	0	0	0	0	0	0	0	0	0	0	0	0	0	0	0	0	0	0	0	0	0	0	0	0	0	0	0	0	0	0	0	0	0	0	0	0	0	0	1	3	0	0	0	0	0	0
Zotu171	0	0	0	0	0	0	0	0	0	0	0	0	0	0	0	0	0	0	0	0	0	0	0	0	0	0	0	0	0	0	0	0	0	0	0	0	0	0	0	0	0	0	0	0	0	0	0	0	0	0	0	0	0	0	0	0	0	0	0	41	0	0	0	0	0	0
Zotu233	0	0	0	0	0	0	0	0	0	0	0	0	0	0	0	0	0	0	0	0	0	0	0	0	0	0	0	0	0	0	0	0	0	0	0	0	0	0	0	0	0	0	0	0	0	0	0	0	0	0	0	0	0	0	0	0	0	0	0	21	0	0	0	0	0	0
Zotu202	0	0	0	0	0	0	0	0	0	0	0	0	0	0	0	0	0	0	0	0	0	0	0	0	0	0	0	0	0	0	0	0	0	0	0	0	0	0	0	0	0	0	0	0	0	0	0	0	0	0	0	0	0	0	0	0	0	0	0	3	0	0	0	0	0	0
Zotu160	0	0	0	0	0	0	0	0	0	0	0	0	0	0	0	0	0	0	0	0	0	0	0	0	0	0	0	0	0	0	0	0	0	0	0	0	0	0	0	0	0	0	0	0	0	0	0	0	0	0	0	0	0	0	0	0	0	0	0	1	0	0	0	0	0	0
Zotu135	0	0	0	0	0	0	0	0	0	0	0	0	0	0	0	0	0	0	0	0	0	0	0	0	0	0	0	0	0	0	0	0	0	0	0	0	0	0	0	0	0	0	0	0	0	0	0	0	0	0	0	0	0	0	0	0	0	0	0	1	0	0	0	0	0	0
Zotu153	0	0	0	0	0	0	0	0	0	0	0	0	0	0	0	0	0	0	0	0	0	0	0	0	0	0	0	0	0	0	0	0	0	0	0	0	0	0	0	0	0	0	0	0	0	0	0	0	0	0	0	0	0	0	0	0	0	0	0	0	0	0	0	0	475	0
